-6.963551
-9.209727
-19.153600
0.411225
18.149704
-3.137962
-31.511273
-25.808800
0.631515
-36.489343
-3.967736
-0.291461
3.404257
-28.129629
-9.699364
4.957463
6.010932
-15.688530
-17.730987
1.463971
2.905641
-5.014225
-29.547260
14.028968
-17.427618
-6.374839
-0.483447
7.685136
-7.953676
-21.682927
1.653483
1.613781
9.053061
-9.363714
-4.950885
12.248360
-0.757918
-14.170772
-0.130417
-25.112522
15.917359
0.855023
-10.392716
6.615197
1.686416
-8.403317
-13.030681
3.981021
1.766986
-16.802985
2.226308
-16.749009
0.820258
-14.145448
8.972715
-0.907346
4.452374
-1.084858
-22.598523
-8.191331
3.141629
-7.220163
-1.043495
12.177754
-7.416478
-3.795777
-19.668482
-14.688195
8.823792
-16.706555
-11.807177
0.238775
8.952117
6.266406
-8.105643
-4.918423
-17.236245
-7.760869
-14.435912
-15.062201
8.240024
-9.995959
-13.434333
-15.563328
-12.972801
-33.548453
3.057744
15.530767
2.729744
-14.606205
7.774344
13.370971
5.562728
-8.703558
2.327258
-3.618404
2.066413
-8.628934
4.360412
-12.807279
9.673306
-38.443404
5.997036
1.768663
-8.705153
6.524802
0.723291
-23.006241
-7.651732
-20.992572
-7.435919
-32.970979
-8.185482
-15.814651
3.892326
-27.633711
8.282587
-10.787311
11.472733
26.340380
-0.475999
-12.175312
-13.224423
37.675466
3.401996
-0.025633
-6.497235
-1.674171
-1.852005
-8.517137
12.836895
-54.645946
-9.289658
13.621924
-11.057689
11.286189
-12.523603
-21.689540
-5.184333
7.896656
-2.493008
-4.030816
-8.177613
-11.516299
-6.432253
-8.009218
-24.304611
6.046661
12.180922
-9.562716
-8.604814
2.327954
-4.732758
-11.291158
-13.360121
-14.542912
-27.481373
26.155359
-31.090851
-8.750042
7.922782
-19.147183
-0.491421
6.315088
10.402632
-23.308389
-9.415935
-1.238907
13.241047
-18.382233
-23.176284
-18.427854
-5.271682
-5.664333
7.577058
-5.174096
-16.556069
-11.854812
2.636564
-26.005474
-0.299336
7.439546
-4.761774
5.103834
-11.249551
5.937904
0.270750
2.093312
-5.567373
1.025567
2.377858
-12.125911
-1.593825
7.746443
-7.304377
-14.534282
-13.429091
-7.842067
0.897168
4.779140
-32.555254
-16.630893
-20.083799
5.604104
-7.761022
15.259676
22.363302
-1.294946
7.256689
-13.503774
-12.601918
-33.087601
11.998608
-7.496984
-9.708956
-0.147952
1.649017
-6.724980
-9.769244
7.090021
-18.047736
8.117139
7.915821
-8.901779
1.046665
12.052896
-7.712876
-12.504459
-6.661412
-2.666233
7.534351
19.753730
-5.792697
3.835871
-11.130886
-1.955050
6.139350
-32.396254
8.251787
-7.349687
-5.711381
-4.060648
-25.156247
-6.401768
1.307705
5.159265
-32.448074
-0.595272
-35.902797
-20.602436
-30.501894
-27.503072
-6.320124
-20.430797
8.995832
-24.845895
-13.475695
-21.737322
14.302183
-6.267885
-1.807872
0.212521
-2.542348
-33.869482
-3.333622
-8.230293
-20.492877
-23.301843
-10.650636
-29.085101
-12.575864
-24.758221
-19.433351
11.837589
-10.977425
-5.979895
-12.288224
-28.101349
7.337657
-6.235240
-5.045412
-8.196933
1.503429
-16.542261
-46.492215
-1.691563
-16.740034
-0.751254
-12.530839
-2.150734
-7.754553
14.224421
-19.274229
19.717940
-41.552058
20.140060
-6.730206
-7.012127
-8.857437
-18.216228
-17.142154
-21.915357
-2.270319
12.626708
-16.756528
-14.815393
-7.396793
-16.146452
13.103817
-20.890401
11.788946
18.676768
-23.734149
7.024794
7.676483
-1.440845
-5.092950
7.336890
6.384394
-25.046241
-5.508167
-1.121684
-6.751482
-3.965724
-45.252504
-7.770882
34.429991
16.483141
-0.166696
10.208658
-18.156498
-3.114311
-18.596404
0.315381
-12.574271
11.385614
20.193261
17.941130
-4.103190
-4.622983
2.255699
-28.459922
-5.477766
-32.664168
14.059609
-2.069768
-8.126624
-1.304408
1.400221
5.240961
4.848560
8.567495
2.431755
7.084168
14.808343
-6.527716
10.163670
12.961671
-6.582324
-20.866790
0.285995
1.116963
-2.702685
-15.200495
6.524467
-12.707008
-43.111937
15.029374
2.054451
0.633561
-29.726788
-11.939427
-26.871995
-31.615902
19.999224
-1.146159
8.998090
2.559579
17.265133
2.288743
-4.553756
-24.043253
-21.112383
-2.450995
-49.790436
-15.892912
-15.258868
-5.775031
-1.768835
7.717259
2.796909
-8.255763
2.160480
-10.777462
4.651593
6.086737
-2.903542
-15.089574
-0.543710
-15.285962
10.053122
-10.048365
-24.684775
-15.482251
-17.872744
16.332113
-19.562886
-20.447566
10.414904
-7.773077
2.592622
-19.531900
6.366475
-13.172854
-9.056260
-13.209020
-8.314479
-18.681026
-46.207140
-17.437118
32.719099
6.618378
-19.734287
-2.447172
5.377439
-7.395205
-8.923065
-9.207770
2.948494
-2.838911
-23.478730
-10.177221
4.442945
-37.941899
-18.484722
-0.069871
-19.484160
-11.330034
12.382077
11.645694
0.567076
-10.941042
-10.764037
-31.208750
-11.616355
3.581800
-2.324221
-14.794426
7.467763
1.637620
-6.539944
7.894504
3.133657
-5.133341
-21.819747
14.068890
5.678601
-42.065002
-4.088462
-6.392862
-20.798723
-14.378443
-11.080439
-6.299886
-12.049986
0.805676
-20.796984
-15.439412
-31.518017
-5.706443
9.119024
-3.692942
4.199314
1.718254
23.043260
6.347928
-16.460015
-5.811077
-7.911734
2.937030
-11.577998
-12.634364
5.536509
-34.649474
-11.480559
-27.620023
15.178709
5.406333
3.251391
-4.295659
1.740145
6.012611
-24.299223
-9.074565
0.616749
-7.117491
-10.250416
13.323771
22.741525
4.540003
-16.359498
-8.788188
-1.173708
-18.694959
8.026756
5.674688
-1.195388
-22.829329
-4.865904
2.229701
0.828691
23.735924
-24.896600
-3.306927
-19.257031
7.467681
-5.108103
2.180720
-6.260388
3.383105
-2.739051
-14.554231
-10.166980
-14.860399
-8.253334
18.444576
-4.978501
-3.099311
12.276106
-22.555059
-4.830941
1.005274
-15.168642
-4.613390
-2.893100
-17.063563
-39.607035
-7.300970
7.353660
10.060554
-10.533294
-18.060599
-11.231763
3.618746
-17.065619
-6.276994
-24.201598
12.683775
-3.622304
-15.701363
-19.508604
-7.117517
-22.371917
-21.865275
-25.414730
-19.097062
10.393200
5.653918
7.679862
-4.161805
-7.326597
-24.881415
-13.262272
-18.362074
3.913177
-11.550517
-6.594989
-5.138806
-0.261271
12.789974
1.439987
-10.897757
6.466183
-6.964670
4.222591
0.697575
-1.064170
1.130093
-4.726100
-10.795560
-2.999116
-3.703292
-15.983906
-6.012754
-5.878379
-16.259747
-21.416613
1.473117
2.399159
1.709243
-4.073394
-3.220227
1.802182
0.069777
20.957303
14.058119
-15.928112
-15.861179
-1.080142
2.955063
-35.016468
-12.647616
9.231196
-24.623599
4.640045
4.235996
-6.249165
-12.006816
-2.699777
-18.528031
-16.244001
-30.353027
-9.012066
-2.711860
7.730703
-10.415221
15.576506
-0.767942
13.340383
-19.511251
2.181929
12.304758
-16.433956
18.718719
9.805717
-16.036433
-14.536793
-14.013985
3.102078
-17.952020
-2.481557
-1.326524
1.067077
-41.129748
-5.714655
-5.507182
-3.579965
-9.566765
-29.466099
1.166715
-19.696250
-2.527636
-27.961323
3.249374
4.185487
2.624334
-22.383995
-4.912496
5.422576
-13.037134
-5.513375
9.199077
-26.582228
10.624320
-21.240008
14.319564
5.705496
-9.583223
-10.244662
-4.778549
-1.377455
6.937876
-17.369667
-11.829086
-3.309075
7.329496
21.517870
-6.767414
-14.661033
-38.382501
-22.357786
-23.736566
-5.753507
-22.983919
4.973093
-5.296495
-16.205614
-12.413920
13.461916
-8.366105
-7.241673
-14.642469
13.701451
-9.433695
-7.096253
-0.880600
-25.295279
-6.869458
10.767062
-7.467050
-16.424148
-2.699332
16.948546
-56.524322
0.260212
4.037570
-17.441324
14.761327
2.494213
-10.279513
-10.939396
-4.571729
-12.254610
-13.348000
-16.669802
0.842906
-5.212053
-3.859906
5.930166
2.802613
7.912802
-19.110206
-19.985173
-20.874709
-14.943262
17.556348
-2.307049
-1.551131
-6.496251
-13.895454
-34.596022
9.098208
-4.863740
-11.104084
-9.123283
-6.546027
-6.326452
-15.776640
-15.268044
16.990646
-1.361591
-9.496952
0.193993
-9.873911
-11.009040
-10.537441
8.548436
6.597303
13.308343
-10.400861
-15.191538
-10.834268
-3.798210
-10.062307
2.526326
-0.473940
-5.070911
11.005800
-2.571846
-0.321468
-17.783979
1.182488
0.184184
7.318219
-8.655270
6.121029
-34.165221
-10.704730
-14.755847
-13.032949
13.493022
-7.787213
4.165704
1.448706
-1.158465
-25.605951
-20.376459
-8.126528
10.124605
1.893067
-0.436925
4.380304
-1.570506
-9.021751
-23.023490
-14.944673
-10.027404
-1.986500
-25.301641
-8.892893
2.555386
-17.609848
8.455009
1.923326
-6.472092
-21.110900
2.337813
-11.088513
-12.856944
7.103028
-31.636446
-4.332104
-21.090576
18.592390
-30.032868
-5.516748
7.666142
-16.944753
16.767354
-0.376184
-12.021591
7.093259
-4.487320
0.639266
-9.992340
-18.174466
4.964093
6.655898
-3.291941
-2.565741
16.291722
-13.043762
-25.711057
-6.581005
-8.050125
-40.661449
-12.496343
-18.861924
-14.072474
-19.465763
-3.876071
-12.198251
-2.947604
-8.043405
1.707852
-11.335883
-5.334869
15.724285
-19.618936
7.156700
6.133578
26.439579
1.929660
-5.542624
-10.300864
-19.176494
-12.476670
-16.862009
-7.191778
-3.217674
-9.541713
-1.079857
-10.026721
-9.272956
-6.990738
8.320345
-3.387997
3.065640
0.484677
3.921266
-17.108817
8.702375
-20.849356
3.451261
14.744717
20.742683
-1.740816
-15.664349
-14.175698
-57.792624
-5.469394
-16.016194
3.270053
-1.001870
-2.735703
-15.859274
9.433409
8.194633
1.978543
12.107651
-32.237564
-6.421879
-13.674440
-3.778445
-21.048636
2.655573
-1.299868
-8.153337
-2.120772
-13.607234
12.274174
21.303410
-17.339824
-1.564886
-25.962745
-11.613659
-2.544665
-8.009819
-22.762436
3.574912
-19.638415
-7.523750
-27.906929
4.091935
8.921891
6.098848
-23.987745
25.289986
-5.768512
11.659083
6.726308
6.020770
5.176646
-4.506171
-0.255996
7.170484
-1.456179
0.517115
-4.027611
9.475603
-13.235412
-35.196825
-18.377000
-24.618916
-28.060754
-13.131291
-19.577320
-11.170580
-11.061843
-7.049064
5.878543
3.003072
0.538178
2.891101
10.121806
-6.996831
-3.986311
-5.579302
14.929583
-3.810970
-20.228762
-10.368634
-1.712112
9.654654
-15.583257
-32.850929
3.277023
-14.404596
-15.683426
0.143648
-22.016052
-33.869577
8.676746
-32.845254
1.275636
-3.953617
9.686756
-15.730005
-2.524591
-1.989500
11.244930
-34.678398
-17.928065
-24.906817
-6.469406
17.816635
14.182570
-3.827217
-6.769151
-14.880233
-14.589420
-10.963379
11.720719
11.976469
0.082548
15.688390
0.543465
-16.708093
11.694994
-20.293437
-14.572195
11.726031
0.441810
-0.787592
0.749204
-4.232057
3.547479
11.375534
4.883911
-19.053560
-14.130518
0.271202
-10.932393
-6.164697
-15.213297
2.417785
11.355485
-8.874044
-1.965797
8.554527
-18.846364
-9.115378
-20.598334
2.988771
-0.778529
7.621776
-12.325572
2.670946
5.452052
8.451576
